server_fit_accuracy,server_fit_loss,server_fit_precision,server_fit_recall,server_fit_f1,server_ev_accuracy,server_ev_loss,server_ev_precision,server_ev_recall,server_ev_f1,supernode-1_fit_accuracy,supernode-1_fit_loss,supernode-1_fit_precision,supernode-1_fit_recall,supernode-1_fit_f1,supernode-1_ev_accuracy,supernode-1_ev_loss,supernode-1_ev_precision,supernode-1_ev_recall,supernode-1_ev_f1,supernode-2_fit_accuracy,supernode-2_fit_loss,supernode-2_fit_precision,supernode-2_fit_recall,supernode-2_fit_f1,supernode-2_ev_accuracy,supernode-2_ev_loss,supernode-2_ev_precision,supernode-2_ev_recall,supernode-2_ev_f1,supernode-3_fit_accuracy,supernode-3_fit_loss,supernode-3_fit_precision,supernode-3_fit_recall,supernode-3_fit_f1,supernode-3_ev_accuracy,supernode-3_ev_loss,supernode-3_ev_precision,supernode-3_ev_recall,supernode-3_ev_f1,supernode-4_fit_accuracy,supernode-4_fit_loss,supernode-4_fit_precision,supernode-4_fit_recall,supernode-4_fit_f1,supernode-4_ev_accuracy,supernode-4_ev_loss,supernode-4_ev_precision,supernode-4_ev_recall,supernode-4_ev_f1,supernode-5_fit_accuracy,supernode-5_fit_loss,supernode-5_fit_precision,supernode-5_fit_recall,supernode-5_fit_f1,supernode-5_ev_accuracy,supernode-5_ev_loss,supernode-5_ev_precision,supernode-5_ev_recall,supernode-5_ev_f1
0.116796875,0.0,0.10557956099510193,0.1105877473950386,0.10799083113670349,0.11669999957084656,2.320929932215857,0.11496644914150238,0.11756089031696319,0.11622996181249619,0.130859375,0.0,0.12043287605047226,0.12344399839639664,0.12191984057426453,0.10849999636411667,2.330491130314176,0.1043524518609047,0.11164461076259613,0.10787542909383774,0.1142578125,0.0,0.10650227218866348,0.11012019962072372,0.10828101634979248,0.12150000035762787,2.3126018350086515,0.11908583343029022,0.12268458306789398,0.12085842341184616,0.1259765625,0.0,0.10161925852298737,0.11391393840312958,0.10741592198610306,0.11649999767541885,2.32266522589184,0.11578166484832764,0.11862818896770477,0.11718763411045074,0.103515625,0.0,0.0942784920334816,0.09912838041782379,0.09664261341094971,0.11500000208616257,2.3209742856404136,0.11549630016088486,0.11553387343883514,0.1155150756239891,0.109375,0.0,0.10506490617990494,0.1063322201371193,0.10569476336240768,0.12200000137090683,2.3179171842242043,0.12011599540710449,0.11931319534778595,0.11971324682235718
0.11328125,0.0,0.11049843579530716,0.11106683611869812,0.1107709139585495,0.12149999737739563,2.305864848787822,0.12067516297101974,0.12317739725112915,0.12191161066293717,0.10546875,0.0,0.10312298685312271,0.10492520034313202,0.1040162742137909,0.11800000071525574,2.3094031545850964,0.11519571393728256,0.11769740283489227,0.11643311381340027,0.1220703125,0.0,0.1156739816069603,0.1196875348687172,0.11764653027057648,0.12049999833106995,2.3045525626530723,0.11991654336452484,0.12326967716217041,0.12156999111175537,0.1171875,0.0,0.11383543163537979,0.11342629045248032,0.11363048851490021,0.11599999666213989,2.307098725485423,0.11565040051937103,0.11718636751174927,0.11641330271959305,0.09375,0.0,0.09331195056438446,0.09087468683719635,0.09207718074321747,0.1289999932050705,2.3014643835642983,0.1303550899028778,0.131745383143425,0.13104656338691711,0.1279296875,0.0,0.12654782831668854,0.12642046809196472,0.12648409605026245,0.12399999797344208,2.306805417651222,0.12225806713104248,0.1259881556034088,0.12409508228302002
0.113671875,0.0,0.10803470760583878,0.11064242571592331,0.10930254459381103,0.13170000165700912,2.2821375036996505,0.12603600323200226,0.13362307697534562,0.12967903763055802,0.109375,0.0,0.10286905616521835,0.10560473054647446,0.10421893745660782,0.14000000059604645,2.268414118933299,0.13706108927726746,0.14147664606571198,0.13923385739326477,0.12109375,0.0,0.11097481101751328,0.11707703024148941,0.11394426971673965,0.1340000033378601,2.2974356015523276,0.12505467236042023,0.13962364196777344,0.13193818926811218,0.1083984375,0.0,0.11069990694522858,0.10776559263467789,0.10921303927898407,0.12349999696016312,2.2841866659739662,0.11851600557565689,0.12330690771341324,0.12086399644613266,0.1171875,0.0,0.10721244663000107,0.11154486984014511,0.1093357503414154,0.13050000369548798,2.280890979464092,0.12102494388818741,0.13236558437347412,0.12644149363040924,0.1123046875,0.0,0.1084173172712326,0.11121990531682968,0.10980072617530823,0.13050000369548798,2.2797601525745694,0.1285233050584793,0.13134260475635529,0.12991765141487122
0.1298828125,0.0,0.12163404971361161,0.1271096795797348,0.12427064925432205,0.13819999992847443,2.2777419090270996,0.13268236219882965,0.14021467864513398,0.13632783591747283,0.142578125,0.0,0.13901828229427338,0.13842087984085083,0.13871893286705017,0.14749999344348907,2.2670623764159186,0.13750270009040833,0.14705169200897217,0.1421169638633728,0.1240234375,0.0,0.1189313754439354,0.1219881922006607,0.12044038623571396,0.1340000033378601,2.2911930765424455,0.13221023976802826,0.13912001252174377,0.13557714223861694,0.12109375,0.0,0.11283303797245026,0.11799348890781403,0.11535556614398956,0.1340000033378601,2.2805791922977994,0.12708207964897156,0.13760380446910858,0.1321338266134262,0.138671875,0.0,0.12169760465621948,0.134828120470047,0.1279268115758896,0.13449999690055847,2.2775213377816335,0.13400468230247498,0.1359584927558899,0.13497450947761536,0.123046875,0.0,0.1156899482011795,0.12231771647930145,0.11891154944896698,0.14100000262260437,2.2723535620977007,0.13261210918426514,0.14133939146995544,0.13683673739433289
0.1357421875,0.0,0.12837742567062377,0.13341564536094666,0.13079408705234527,0.1434000015258789,2.2549301556178505,0.13771871626377105,0.1445453941822052,0.14102663099765778,0.11328125,0.0,0.10470876842737198,0.11105573177337646,0.10778889060020447,0.164000004529953,2.2494754412817577,0.15723972022533417,0.1600748747587204,0.1586446315050125,0.1357421875,0.0,0.12514321506023407,0.13325662910938263,0.12907254695892334,0.1379999965429306,2.27002907934643,0.13364069163799286,0.14201845228672028,0.13770227134227753,0.1533203125,0.0,0.13923652470111847,0.15164874494075775,0.14517781138420105,0.13050000369548798,2.2583255805666487,0.12436474859714508,0.1312878429889679,0.1277325600385666,0.150390625,0.0,0.15043342113494873,0.1469663828611374,0.1486796885728836,0.13899999856948853,2.2543186725132047,0.13112379610538483,0.14323166012763977,0.136910542845726,0.1259765625,0.0,0.12236519902944565,0.12415073812007904,0.12325149774551392,0.14550000429153442,2.24250200438121,0.14222462475299835,0.14611414074897766,0.14414314925670624
0.1359375,0.0,0.1285004585981369,0.13313730657100678,0.1307414248585701,0.1584999978542328,2.232545436374725,0.15466644763946533,0.15950424075126649,0.15702824890613556,0.1513671875,0.0,0.14241459965705872,0.14722159504890442,0.14477820694446564,0.15449999272823334,2.2235158057439897,0.1438629925251007,0.15058059990406036,0.14714516699314117,0.138671875,0.0,0.13169169425964355,0.1358579695224762,0.13374239206314087,0.16449999809265137,2.2406516226511153,0.16251690685749054,0.17043067514896393,0.16637974977493286,0.1279296875,0.0,0.11169817298650742,0.1232735887169838,0.11720075458288193,0.15549999475479126,2.241432511617267,0.14935247600078583,0.15753625333309174,0.15333524346351624,0.1162109375,0.0,0.11064968258142471,0.11421827226877213,0.11240565776824951,0.15950000286102295,2.2342794887603277,0.16166934370994568,0.1612081378698349,0.16143842041492462,0.1455078125,0.0,0.1460481435060501,0.14511510729789734,0.14558011293411255,0.15850000083446503,2.222847753100925,0.1559305191040039,0.15776553750038147,0.1568426638841629
0.15859375,0.0,0.14504406750202178,0.1533227324485779,0.14902486205101012,0.1554999977350235,2.2357684120299326,0.15231279730796815,0.15824267268180847,0.15519149005413055,0.1552734375,0.0,0.13844776153564453,0.1527578979730606,0.14525122940540314,0.16699999570846558,2.2225109281994047,0.16140136122703552,0.16344806551933289,0.16241826117038727,0.1669921875,0.0,0.1511957347393036,0.1550956517457962,0.15312086045742035,0.15299999713897705,2.2380568375663152,0.14996179938316345,0.1602294147014618,0.15492567420005798,0.1630859375,0.0,0.15330103039741516,0.1572827696800232,0.15526637434959412,0.14800000190734863,2.2441715323735796,0.14241701364517212,0.1500440537929535,0.14613108336925507,0.1494140625,0.0,0.132169708609581,0.14599038660526276,0.13873669505119324,0.1550000011920929,2.2332111124008422,0.15941846370697021,0.1593679040670395,0.15939316153526306,0.158203125,0.0,0.15010610222816467,0.15548695623874664,0.15274915099143982,0.15449999272823334,2.2408916496095204,0.1483653485774994,0.1581239253282547,0.1530892699956894
0.1591796875,0.0,0.14854255616664885,0.15430014431476594,0.15130167305469513,0.16649999916553498,2.216477779358152,0.16284434199333192,0.16853154599666595,0.16559190750122071,0.162109375,0.0,0.15493369102478027,0.15921291708946228,0.1570441573858261,0.18199999630451202,2.198498765627543,0.17765739560127258,0.17576003074645996,0.17670361697673798,0.154296875,0.0,0.13154540956020355,0.14485523104667664,0.1378798633813858,0.1599999964237213,2.2397387481871105,0.15294674038887024,0.16623887419700623,0.1593160331249237,0.169921875,0.0,0.16918617486953735,0.16688986122608185,0.16803018748760223,0.15800000727176666,2.2270117903512623,0.16018757224082947,0.16396233439445496,0.1620529741048813,0.16015625,0.0,0.1533346325159073,0.15540626645088196,0.1543634831905365,0.16449999809265137,2.2162108061805603,0.15914775431156158,0.16952146589756012,0.16417089104652405,0.1494140625,0.0,0.13371287286281586,0.14513644576072693,0.139190673828125,0.1679999977350235,2.2009287864442855,0.16428224742412567,0.1671750247478485,0.1657160222530365
0.174609375,0.0,0.16211619079113007,0.16691174507141113,0.1644226461648941,0.17870000004768372,2.1804178998583836,0.17433227598667145,0.18175307512283326,0.17791901230812074,0.1787109375,0.0,0.1614656299352646,0.17098067700862885,0.16608698666095734,0.18199999630451202,2.170894185702006,0.17779260873794556,0.1792876124382019,0.17853698134422302,0.1650390625,0.0,0.15557794272899628,0.1598580777645111,0.15768897533416748,0.17399999499320984,2.196080699799553,0.16768473386764526,0.18265211582183838,0.17484870553016663,0.1640625,0.0,0.15357084572315216,0.14974866807460785,0.15163567662239075,0.17249999940395355,2.1930162338983443,0.16967734694480896,0.1754334270954132,0.1725073903799057,0.1796875,0.0,0.16078424453735352,0.17415213584899902,0.16720141470432281,0.17800000309944153,2.1796429914141457,0.17067287862300873,0.18380820751190186,0.17699716985225677,0.185546875,0.0,0.1791822910308838,0.17981916666030884,0.17950017750263214,0.18700000643730164,2.1624553884778703,0.18583381175994873,0.1875840127468109,0.1867048144340515
0.164453125,0.0,0.15370488166809082,0.16228896081447602,0.1578587293624878,0.19289999902248384,2.1368102717021156,0.18842824995517732,0.1952332228422165,0.1917596220970154,0.1630859375,0.0,0.15088917315006256,0.16233161091804504,0.1564013808965683,0.1965000033378601,2.1358016805043296,0.1883002668619156,0.19314464926719666,0.19069169461727142,0.169921875,0.0,0.15998144447803497,0.16827872395515442,0.164025217294693,0.19699999690055847,2.1412959609712874,0.1919974386692047,0.2037285566329956,0.19768911600112915,0.1708984375,0.0,0.16073769330978394,0.16760921478271484,0.16410155594348907,0.17299999296665192,2.16757078965505,0.1732257902622223,0.1767633855342865,0.17497670650482178,0.1669921875,0.0,0.1601523756980896,0.16365917026996613,0.1618867963552475,0.19850000739097595,2.1319446488032265,0.1938902586698532,0.2029293030500412,0.1983068287372589,0.1513671875,0.0,0.13676372170448303,0.14956608414649963,0.1428786963224411,0.19949999451637268,2.1074382785766845,0.19472749531269073,0.1996002197265625,0.19713376462459564
0.1841796875,0.0,0.17594666182994842,0.18063483238220215,0.17824309170246125,0.21040000021457672,2.1083909405602355,0.20509159564971924,0.21287643909454346,0.2088815838098526,0.17578125,0.0,0.17227742075920105,0.1752159595489502,0.17373426258563995,0.21050000190734863,2.0981894012481446,0.19741365313529968,0.20849117636680603,0.20280125737190247,0.1845703125,0.0,0.1787637174129486,0.1814890056848526,0.18011604249477386,0.21950000524520874,2.111560853700789,0.22095465660095215,0.22442182898521423,0.22267474234104156,0.17578125,0.0,0.16535070538520813,0.17454032599925995,0.16982129216194153,0.19850000739097595,2.1401750908957586,0.200494647026062,0.2010767012834549,0.20078524947166443,0.205078125,0.0,0.1911454200744629,0.19959083199501038,0.19527685642242432,0.21699999272823334,2.112230516615368,0.2087525874376297,0.22294095158576965,0.21561360359191895,0.1796875,0.0,0.17219604551792145,0.17233803868293762,0.17226700484752655,0.20649999380111694,2.079798840341114,0.19784243404865265,0.20745153725147247,0.2025330662727356
0.1978515625,0.0,0.18456957638263702,0.19262990951538086,0.18848859369754792,0.21789999604225158,2.0724938298028612,0.21392019391059874,0.22127014100551606,0.21750403344631195,0.1923828125,0.0,0.1879696547985077,0.1907975822687149,0.18937306106090546,0.2214999943971634,2.0861227966490246,0.21630509197711945,0.2220824658870697,0.2191557139158249,0.2060546875,0.0,0.19336667656898499,0.20332364737987518,0.19822020828723907,0.21799999475479126,2.074488361676534,0.21275612711906433,0.2228642702102661,0.21769292652606964,0.1767578125,0.0,0.1633705496788025,0.17314010858535767,0.16811351478099823,0.21699999272823334,2.0864553129862227,0.2200063019990921,0.21832680702209473,0.21916334331035614,0.205078125,0.0,0.1935858130455017,0.1971590518951416,0.195356085896492,0.21449999511241913,2.0588520330096047,0.21039123833179474,0.2205231934785843,0.2153380960226059,0.208984375,0.0,0.18455518782138824,0.19872915744781494,0.1913800984621048,0.21850000321865082,2.0565506446929205,0.21014221012592316,0.22255396842956543,0.21617008745670319
0.2166015625,0.0,0.2022421896457672,0.21177963316440582,0.20688569247722627,0.23409999907016754,2.0450842569744774,0.22304695844650269,0.23681356906890869,0.22971499264240264,0.2099609375,0.0,0.19681689143180847,0.20763835310935974,0.20208285748958588,0.23000000417232513,2.05129445356036,0.20698697865009308,0.22498257458209991,0.21560993790626526,0.1982421875,0.0,0.19250893592834473,0.19689610600471497,0.19467779994010925,0.23499999940395355,2.048641433791509,0.22833935916423798,0.24067792296409607,0.23434634506702423,0.2216796875,0.0,0.20458824932575226,0.21585588157176971,0.21007108688354492,0.22849999368190765,2.072660913543096,0.2211175262928009,0.23158077895641327,0.2262282520532608,0.22265625,0.0,0.19583025574684143,0.21016588807106018,0.2027449756860733,0.2304999977350235,2.0304773061994523,0.2227812111377716,0.23756399750709534,0.22993525862693787,0.23046875,0.0,0.22146661579608917,0.2283419370651245,0.22485174238681793,0.24650000035762787,2.0223471777779713,0.23600971698760986,0.24926257133483887,0.24245516955852509
0.2171875,0.0,0.205656898021698,0.21182096302509307,0.208685901761055,0.23980000019073486,2.0180974112616643,0.2233685076236725,0.24186672568321227,0.2322380542755127,0.2333984375,0.0,0.2226082980632782,0.22557687759399414,0.22408275306224823,0.24899999797344208,2.0212722562608265,0.22190478444099426,0.2430383265018463,0.231991246342659,0.234375,0.0,0.22505922615528107,0.23120780289173126,0.22809208929538727,0.23649999499320984,2.0313561889860363,0.21920709311962128,0.24016594886779785,0.22920837998390198,0.1982421875,0.0,0.18598318099975586,0.192158505320549,0.18902041018009186,0.22699999809265137,2.0263477488169594,0.2188163548707962,0.2317039668560028,0.22507581114768982,0.1982421875,0.0,0.18600687384605408,0.19571469724178314,0.19073735177516937,0.24150000512599945,2.013382635419331,0.2316051721572876,0.2477949857711792,0.23942670226097107,0.2216796875,0.0,0.2086269110441208,0.21444693207740784,0.21149690449237823,0.24500000476837158,1.9981282268251692,0.22530913352966309,0.24663040041923523,0.2354881316423416
0.2330078125,0.0,0.21936543583869933,0.2281123399734497,0.22357942163944244,0.24829999804496766,1.9969022311861555,0.24643638730049133,0.25195199251174927,0.2490092009305954,0.23046875,0.0,0.20823931694030762,0.22828158736228943,0.2178003340959549,0.2549999952316284,1.998662449064709,0.26350873708724976,0.25228944420814514,0.25777706503868103,0.2568359375,0.0,0.2320421040058136,0.24461516737937927,0.2381628155708313,0.23999999463558197,2.0013309584723578,0.23321697115898132,0.2467656433582306,0.2398000806570053,0.2119140625,0.0,0.21157154440879822,0.20725837349891663,0.2093927562236786,0.2475000023841858,2.004344803946359,0.2364712506532669,0.2518766522407532,0.24393098056316376,0.23046875,0.0,0.22563540935516357,0.23058409988880157,0.22808292508125305,0.2524999976158142,1.9934140765477741,0.26569315791130066,0.2581075429916382,0.2618454098701477,0.2353515625,0.0,0.2193388044834137,0.22982247173786163,0.22445827722549438,0.24650000035762787,1.986758867899577,0.23329181969165802,0.25072067975997925,0.2416924685239792
0.246875,0.0,0.2327014297246933,0.24314866364002227,0.2377925544977188,0.259400001168251,1.965428258123852,0.2482960730791092,0.2614427775144577,0.25468866229057313,0.2421875,0.0,0.23207613825798035,0.2363450974225998,0.2341911643743515,0.2605000138282776,1.9641655588906908,0.24823403358459473,0.2549625337123871,0.2515532970428467,0.2666015625,0.0,0.25078195333480835,0.260759174823761,0.25567325949668884,0.25049999356269836,1.973003209583343,0.2404193878173828,0.2550881803035736,0.24753665924072266,0.2451171875,0.0,0.22970037162303925,0.23872911930084229,0.2341277301311493,0.24650000035762787,1.98310781471313,0.23647169768810272,0.24808461964130402,0.24213901162147522,0.22265625,0.0,0.20583808422088623,0.22106286883354187,0.21317899227142334,0.265500009059906,1.965379836067321,0.2563212513923645,0.2726929783821106,0.26425376534461975,0.2578125,0.0,0.24511060118675232,0.25884705781936646,0.2517916262149811,0.27399998903274536,1.9414848713647752,0.2600339949131012,0.2763855755329132,0.2679605782032013
0.260546875,0.0,0.2485031932592392,0.2556411951780319,0.2519934445619583,0.2705999970436096,1.9359418831174335,0.2661888748407364,0.27233455777168275,0.2692196786403656,0.265625,0.0,0.2593856453895569,0.2627621293067932,0.26106297969818115,0.2809999883174896,1.9390016945581587,0.2741335928440094,0.2763049900531769,0.2752149999141693,0.2802734375,0.0,0.26798883080482483,0.2768225073814392,0.2723340392112732,0.27549999952316284,1.9391268056536477,0.2723119854927063,0.27933362126350403,0.2757780849933624,0.2587890625,0.0,0.25393515825271606,0.2531720697879791,0.25355300307273865,0.2549999952316284,1.9536073075400457,0.25348708033561707,0.2571759521961212,0.25531819462776184,0.248046875,0.0,0.23528771102428436,0.24797311425209045,0.24146392941474915,0.28600001335144043,1.9298955826532274,0.2827487587928772,0.2917935252189636,0.2871999442577362,0.25,0.0,0.22591862082481384,0.2374761551618576,0.23155327141284943,0.2554999887943268,1.9180780251820881,0.24826295673847198,0.25706470012664795,0.2525871694087982
0.2474609375,0.0,0.24017344415187836,0.24384680092334748,0.24199142456054687,0.27760000228881837,1.9196573809971884,0.27744029760360717,0.2811121165752411,0.27925664782524107,0.251953125,0.0,0.23855528235435486,0.24545665085315704,0.24195675551891327,0.2815000116825104,1.929000977485899,0.2784596085548401,0.2825372517108917,0.280483603477478,0.255859375,0.0,0.2536059617996216,0.2553615868091583,0.2544807493686676,0.2800000011920929,1.9243038362926908,0.27520376443862915,0.2836662232875824,0.2793709337711334,0.2412109375,0.0,0.23614546656608582,0.24071939289569855,0.23841048777103424,0.2685000002384186,1.921831764872112,0.2685692310333252,0.27095407247543335,0.26975637674331665,0.2431640625,0.0,0.23217864334583282,0.2363172024488449,0.23422963917255402,0.28349998593330383,1.924576825565762,0.28533291816711426,0.2892645001411438,0.2872852683067322,0.2451171875,0.0,0.2403818666934967,0.24137917160987854,0.24087949097156525,0.2745000123977661,1.8985735007694788,0.2796359658241272,0.2791385352611542,0.27938705682754517
0.2623046875,0.0,0.2556597113609314,0.2615747332572937,0.25855502784252166,0.2902999997138977,1.892812749317714,0.2843824982643127,0.2919511377811432,0.28811475038528445,0.25,0.0,0.2385106086730957,0.2536342442035675,0.24584004282951355,0.28049999475479126,1.9063435849689303,0.27182209491729736,0.276880145072937,0.27432781457901,0.2490234375,0.0,0.24107542634010315,0.24511873722076416,0.243080273270607,0.28949999809265137,1.909269925147768,0.2850300669670105,0.29373663663864136,0.28931787610054016,0.2646484375,0.0,0.2591831684112549,0.2670207619667053,0.263043612241745,0.2915000021457672,1.8938032445453463,0.2831205725669861,0.292001336812973,0.28749239444732666,0.2705078125,0.0,0.26555439829826355,0.2672547399997711,0.26640185713768005,0.29899999499320984,1.8887791330852206,0.294720321893692,0.3041639029979706,0.29936766624450684,0.27734375,0.0,0.2739749550819397,0.2748451828956604,0.27440935373306274,0.29100000858306885,1.8658678588413058,0.28721943497657776,0.29297366738319397,0.29006800055503845
0.269140625,0.0,0.2583702623844147,0.2642521560192108,0.26127480566501615,0.28330000042915343,1.8778718626688398,0.2817272126674652,0.2864397943019867,0.28406009674072263,0.26171875,0.0,0.25697463750839233,0.2593676745891571,0.2581656277179718,0.2745000123977661,1.8846140853942386,0.2717769742012024,0.27333182096481323,0.2725521922111511,0.2529296875,0.0,0.24303770065307617,0.24975702166557312,0.24635155498981476,0.2824999988079071,1.881318003412277,0.2840404212474823,0.28767403960227966,0.28584566712379456,0.2763671875,0.0,0.263847678899765,0.2695218026638031,0.2666545510292053,0.27799999713897705,1.88253234681629,0.27365821599960327,0.28036943078041077,0.276973158121109,0.2724609375,0.0,0.2579019367694855,0.26562827825546265,0.2617080807685852,0.3034999966621399,1.876899662471953,0.30417686700820923,0.3086671531200409,0.30640557408332825,0.2822265625,0.0,0.27008935809135437,0.2769860029220581,0.2734942138195038,0.27799999713897705,1.8639952152494401,0.27498358488082886,0.2821565270423889,0.27852389216423035
0.2693359375,0.0,0.25984784960746765,0.2657364308834076,0.2627503156661987,0.28799999952316285,1.8650145621526812,0.2829654037952423,0.2904375433921814,0.2866274952888489,0.251953125,0.0,0.24690024554729462,0.253024160861969,0.2499246895313263,0.3009999990463257,1.8616404287398807,0.29625600576400757,0.29766619205474854,0.29695942997932434,0.265625,0.0,0.24764125049114227,0.2576567530632019,0.2525497078895569,0.27399998903274536,1.8628963913236345,0.2705916166305542,0.27934530377388,0.27489879727363586,0.2685546875,0.0,0.25900641083717346,0.2660415768623352,0.2624768316745758,0.2720000147819519,1.8811512428616721,0.27287015318870544,0.27359873056411743,0.27323397994041443,0.279296875,0.0,0.2693282663822174,0.2744285464286804,0.2718544602394104,0.29600000381469727,1.872816702676198,0.2867773175239563,0.30046918988227844,0.2934636175632477,0.28125,0.0,0.2763630747795105,0.27753111720085144,0.27694588899612427,0.296999990940094,1.8465680451620192,0.28833192586898804,0.30110830068588257,0.29458165168762207
0.282421875,0.0,0.27053295969963076,0.27698535323143003,0.2737198770046234,0.29109999537467957,1.8564804114992657,0.2792400598526001,0.2943700969219208,0.28654525279998777,0.271484375,0.0,0.260969340801239,0.26806968450546265,0.2644718885421753,0.30000001192092896,1.8501922289530437,0.27915099263191223,0.2961203157901764,0.28738537430763245,0.2890625,0.0,0.27939197421073914,0.2874414920806885,0.283359557390213,0.2809999883174896,1.8571219273975916,0.263117253780365,0.2859584391117096,0.27406272292137146,0.27734375,0.0,0.2625545561313629,0.2668892741203308,0.2647041380405426,0.2939999997615814,1.8736321131388347,0.2957344651222229,0.29758912324905396,0.2966589033603668,0.2958984375,0.0,0.2866981327533722,0.2938777804374695,0.29024356603622437,0.2994999885559082,1.8557044854239813,0.293767511844635,0.30517464876174927,0.299362450838089,0.2783203125,0.0,0.26305079460144043,0.26864853501319885,0.2658202350139618,0.2809999883174896,1.8457513025828771,0.26443007588386536,0.2870079576969147,0.27525681257247925
0.298828125,0.0,0.28493576049804686,0.29174914956092834,0.2882821559906006,0.3022000014781952,1.842771421538459,0.2965144872665405,0.3043944537639618,0.300389164686203,0.3125,0.0,0.29368868470191956,0.30336087942123413,0.2984464168548584,0.3089999854564667,1.842994841318282,0.30326685309410095,0.3057847023010254,0.3045205771923065,0.2890625,0.0,0.2689250111579895,0.28339341282844543,0.2759697139263153,0.29100000858306885,1.8475939111104087,0.28730106353759766,0.2975884675979614,0.2923542857170105,0.2880859375,0.0,0.27853700518608093,0.2804024815559387,0.2794666588306427,0.2944999933242798,1.859089976265317,0.29063063859939575,0.2939295768737793,0.2922707796096802,0.287109375,0.0,0.2811061441898346,0.2862948775291443,0.28367677330970764,0.3070000112056732,1.8470259393964494,0.29893144965171814,0.3108883202075958,0.3047926723957062,0.3173828125,0.0,0.3024219572544098,0.30529409646987915,0.3038512170314789,0.3095000088214874,1.8171524396018377,0.30244243144989014,0.313781201839447,0.30800750851631165
0.302734375,0.0,0.2936525881290436,0.29790759086608887,0.29575504660606383,0.3094000041484833,1.8397074434492322,0.3035873055458069,0.31138927936553956,0.30742653608322146,0.3056640625,0.0,0.29309582710266113,0.2972069978713989,0.29513710737228394,0.320499986410141,1.8298501419642614,0.31430426239967346,0.315001904964447,0.314652681350708,0.3046875,0.0,0.29032212495803833,0.2957633435726166,0.29301750659942627,0.2955000102519989,1.8363263020439753,0.2935040295124054,0.3011135756969452,0.2972601056098938,0.2978515625,0.0,0.29828017950057983,0.29659324884414673,0.29743432998657227,0.2980000078678131,1.8534284489495414,0.28796595335006714,0.2973514199256897,0.2925834357738495,0.298828125,0.0,0.28785276412963867,0.2965701222419739,0.2921464145183563,0.3140000104904175,1.861278147924514,0.3062741756439209,0.3185597360134125,0.31229615211486816,0.306640625,0.0,0.2987120449542999,0.3034042418003082,0.3010398745536804,0.3190000057220459,1.8176541763638694,0.31588810682296753,0.32491976022720337,0.3203403055667877
0.29609375,0.0,0.2874238848686218,0.2934784948825836,0.2904064476490021,0.30700000524520876,1.8332350484908573,0.3030242323875427,0.31020206212997437,0.3065685272216797,0.3076171875,0.0,0.2976799011230469,0.3032979369163513,0.30046266317367554,0.2980000078678131,1.8487777445051405,0.2914963364601135,0.296880304813385,0.29416370391845703,0.294921875,0.0,0.2952898442745209,0.29553210735321045,0.2954109013080597,0.31450000405311584,1.8060559015425424,0.3118867576122284,0.3210303485393524,0.3163925111293793,0.275390625,0.0,0.2672314941883087,0.2725940942764282,0.26988616585731506,0.2939999997615814,1.8432767315516396,0.2908784747123718,0.29518821835517883,0.2930174767971039,0.296875,0.0,0.2905140221118927,0.29699042439460754,0.29371652007102966,0.3100000023841858,1.8606185761709062,0.3056018650531769,0.31316787004470825,0.30933859944343567,0.3056640625,0.0,0.28640416264533997,0.29897791147232056,0.2925559878349304,0.31850001215934753,1.8074462886840579,0.315257728099823,0.3247435688972473,0.3199303448200226
0.31328125,0.0,0.30539292097091675,0.30946356654167173,0.3074080884456635,0.3122999906539917,1.824164074943179,0.30673815608024596,0.31333412528038024,0.3099735975265503,0.318359375,0.0,0.30743008852005005,0.3154439628124237,0.31138548254966736,0.32249999046325684,1.8265098768567283,0.3231593668460846,0.3200991749763489,0.32162198424339294,0.318359375,0.0,0.3115397095680237,0.31788259744644165,0.31467917561531067,0.3109999895095825,1.8105463432887243,0.30599987506866455,0.3147076964378357,0.31029269099235535,0.3154296875,0.0,0.30737054347991943,0.310946524143219,0.3091481924057007,0.3089999854564667,1.83399916830517,0.29725009202957153,0.30933114886283875,0.3031703233718872,0.3076171875,0.0,0.3017192482948303,0.30128926038742065,0.30150410532951355,0.3034999966621399,1.8490733778665935,0.30266931653022766,0.3059610426425934,0.3043062686920166,0.306640625,0.0,0.29890501499176025,0.30175548791885376,0.300323486328125,0.3154999911785126,1.8006916083986797,0.3046121299266815,0.31657156348228455,0.31047672033309937
0.3177734375,0.0,0.31010926961898805,0.3164049804210663,0.31318472027778627,0.3228000044822693,1.802208012626285,0.32173133492469785,0.3240582287311554,0.32284371852874755,0.296875,0.0,0.29534223675727844,0.3042598366737366,0.2997347116470337,0.31700000166893005,1.8156102214540755,0.32319876551628113,0.3122027516365051,0.3176056146621704,0.3193359375,0.0,0.3127138912677765,0.31320542097091675,0.3129594624042511,0.32600000500679016,1.7913442509514945,0.32526928186416626,0.33067429065704346,0.32794952392578125,0.3134765625,0.0,0.3133472502231598,0.31396251916885376,0.3136545717716217,0.31049999594688416,1.8150339523951213,0.3122059404850006,0.3116976022720337,0.31195157766342163,0.3212890625,0.0,0.31688401103019714,0.3189518451690674,0.31791454553604126,0.3255000114440918,1.8108279137384324,0.3223154842853546,0.3276470899581909,0.3249594271183014,0.337890625,0.0,0.3122589588165283,0.33164528012275696,0.3216603100299835,0.33500000834465027,1.7782237245922996,0.32566720247268677,0.3380694091320038,0.3317524492740631
0.31484375,0.0,0.30867266058921816,0.31233900785446167,0.3104681968688965,0.3251999974250793,1.7928445479226491,0.32363320589065553,0.32880911231040955,0.326188862323761,0.30859375,0.0,0.2966915965080261,0.3070204555988312,0.30176764726638794,0.3244999945163727,1.8002228509812128,0.32020753622055054,0.3229370713233948,0.32156652212142944,0.3115234375,0.0,0.2976096570491791,0.30676764249801636,0.30211928486824036,0.33799999952316284,1.7649310183903528,0.3337171673774719,0.3450075387954712,0.33926844596862793,0.298828125,0.0,0.2969281077384949,0.29785221815109253,0.2973894476890564,0.3240000009536743,1.8142314865475608,0.32699140906333923,0.3265171945095062,0.3267541229724884,0.3095703125,0.0,0.30883079767227173,0.3035857379436493,0.3061858117580414,0.32499998807907104,1.810439904530843,0.3229016661643982,0.327861487865448,0.3253626823425293,0.345703125,0.0,0.3433031439781189,0.346468985080719,0.34487879276275635,0.31450000405311584,1.7743974791632757,0.3143482506275177,0.32172226905822754,0.31799253821372986
0.317578125,0.0,0.3117315948009491,0.3140206038951874,0.31285205483436584,0.3241999983787537,1.7829003405949428,0.32006711363792417,0.3253454566001892,0.32268311381340026,0.3154296875,0.0,0.31641826033592224,0.31508952379226685,0.3157525062561035,0.31299999356269836,1.8101389389189462,0.3017544150352478,0.30910664796829224,0.3053862750530243,0.306640625,0.0,0.30146247148513794,0.3047751784324646,0.3031097650527954,0.3310000002384186,1.7621502327540564,0.32970350980758667,0.33500945568084717,0.33233529329299927,0.3212890625,0.0,0.3203456997871399,0.31514298915863037,0.3177230656147003,0.320499986410141,1.7945161906499711,0.3137791156768799,0.3188183009624481,0.3162786066532135,0.3017578125,0.0,0.2971215844154358,0.3027866780757904,0.29992738366127014,0.33500000834465027,1.7856064713190472,0.3351617455482483,0.33856135606765747,0.3368529677391052,0.3427734375,0.0,0.3233099579811096,0.33230865001678467,0.32774755358695984,0.3215000033378601,1.762089869332692,0.3199367821216583,0.32523152232170105,0.32256242632865906
0.3197265625,0.0,0.3133187830448151,0.31594638228416444,0.3145945966243744,0.3280999958515167,1.7736457033762858,0.326138973236084,0.3316147744655609,0.3288061320781708,0.330078125,0.0,0.3292165994644165,0.33153244853019714,0.3303704559803009,0.3395000100135803,1.7913603498822166,0.34286245703697205,0.33630797266960144,0.3395535945892334,0.328125,0.0,0.31548815965652466,0.3229372501373291,0.3191692531108856,0.32199999690055847,1.7510334461454362,0.31389570236206055,0.32859915494918823,0.32107916474342346,0.2978515625,0.0,0.2995099425315857,0.29235145449638367,0.29588741064071655,0.31349998712539673,1.8065014718070862,0.3076518476009369,0.3167230188846588,0.31212154030799866,0.330078125,0.0,0.31552213430404663,0.32678303122520447,0.3210538923740387,0.3384999930858612,1.7672542087615482,0.34273216128349304,0.3421498239040375,0.34244072437286377,0.3125,0.0,0.30685707926750183,0.30612772703170776,0.3064919710159302,0.3269999921321869,1.7520790402851407,0.3235526978969574,0.3342939019203186,0.3288356363773346
0.3296875,0.0,0.3211599051952362,0.3255546510219574,0.32333011627197267,0.3371999979019165,1.7658811364855087,0.33204675316810606,0.3396673023700714,0.335779732465744,0.34375,0.0,0.3396863341331482,0.33839738368988037,0.3390406370162964,0.33899998664855957,1.7887880669699774,0.34075623750686646,0.33580487966537476,0.3382624387741089,0.328125,0.0,0.32080167531967163,0.32538285851478577,0.3230760097503662,0.3345000147819519,1.743089000384013,0.3341446816921234,0.3404678404331207,0.3372766077518463,0.310546875,0.0,0.29983535408973694,0.30450576543807983,0.30215251445770264,0.32850000262260437,1.7830759570712136,0.31864601373672485,0.3296716809272766,0.32406508922576904,0.3447265625,0.0,0.3396404981613159,0.3429286479949951,0.3412766754627228,0.34599998593330383,1.7735490269131131,0.3367166519165039,0.34854811429977417,0.3425302505493164,0.3212890625,0.0,0.30583566427230835,0.3165585994720459,0.31110474467277527,0.33799999952316284,1.7409036310892256,0.32997018098831177,0.3438439965248108,0.33676427602767944
0.3412109375,0.0,0.33231043815612793,0.33544195294380186,0.3338618814945221,0.3385999917984009,1.7615902915833488,0.3304573118686676,0.3411857545375824,0.33572807908058167,0.3544921875,0.0,0.3319726586341858,0.33893927931785583,0.33541980385780334,0.3319999873638153,1.7787794669469197,0.31777799129486084,0.3274668753147125,0.3225497007369995,0.3564453125,0.0,0.3460002541542053,0.3482131063938141,0.34710314869880676,0.33799999952316284,1.7329211878398108,0.33601635694503784,0.34253737330436707,0.3392455577850342,0.3291015625,0.0,0.3311883807182312,0.33066797256469727,0.3309279680252075,0.32749998569488525,1.7829191476579695,0.3185594975948334,0.3298403024673462,0.3241017460823059,0.318359375,0.0,0.31116783618927,0.3174370229244232,0.31427115201950073,0.35249999165534973,1.7845597304995098,0.34689220786094666,0.3565971255302429,0.3516777455806732,0.34765625,0.0,0.3412230610847473,0.341952383518219,0.3415873348712921,0.34299999475479126,1.7287719249725342,0.3330405056476593,0.3494870960712433,0.3410656452178955
0.332421875,0.0,0.3242106378078461,0.3307736277580261,0.3274499177932739,0.34329999089241026,1.7520336612822518,0.33699421882629393,0.3457102596759796,0.34128943681716917,0.3388671875,0.0,0.33521491289138794,0.3383084833621979,0.33675456047058105,0.33899998664855957,1.7682988946399991,0.3311155438423157,0.3350962996482849,0.3330940306186676,0.328125,0.0,0.319546639919281,0.33046406507492065,0.3249136805534363,0.3490000069141388,1.7269502859266976,0.34545260667800903,0.3527446389198303,0.3490605354309082,0.330078125,0.0,0.3207940459251404,0.32282334566116333,0.32180550694465637,0.32749998569488525,1.7639247387174577,0.3167615532875061,0.3283897936344147,0.32247084379196167,0.3662109375,0.0,0.35946592688560486,0.36781808733940125,0.36359402537345886,0.3479999899864197,1.7705096668667264,0.3446512222290039,0.3527195453643799,0.34863871335983276,0.298828125,0.0,0.28603166341781616,0.2944541573524475,0.29018181562423706,0.3529999852180481,1.730484720260378,0.346990168094635,0.3596010208129883,0.3531830608844757
0.35078125,0.0,0.3396754443645477,0.3456840395927429,0.3426251173019409,0.34829999804496764,1.7392663577246288,0.3421980023384094,0.35044339299201965,0.34626471996307373,0.357421875,0.0,0.3580833971500397,0.3538575768470764,0.35595792531967163,0.3334999978542328,1.7565862735112507,0.3189561367034912,0.3301756978034973,0.3244689702987671,0.35546875,0.0,0.34181472659111023,0.35065141320228577,0.3461766839027405,0.34950000047683716,1.711262752139379,0.3432793915271759,0.35489824414253235,0.34899213910102844,0.3349609375,0.0,0.3277240991592407,0.3311564028263092,0.32943132519721985,0.3425000011920929,1.7490720029861209,0.3378678858280182,0.34336623549461365,0.3405948579311371,0.345703125,0.0,0.32288891077041626,0.33701515197753906,0.3298008441925049,0.3569999933242798,1.7521645303756472,0.3555067479610443,0.35983628034591675,0.35765841603279114,0.3603515625,0.0,0.34786608815193176,0.35573965311050415,0.35175880789756775,0.35899999737739563,1.7272462296107458,0.3553798496723175,0.3639405071735382,0.3596092164516449
0.3423828125,0.0,0.33679441213607786,0.3430796146392822,0.33990182876586916,0.3501000046730042,1.7292187092796207,0.34471389651298523,0.3520027041435242,0.34831724762916566,0.3134765625,0.0,0.310063898563385,0.3179028630256653,0.31393444538116455,0.3465000092983246,1.7487373238518125,0.3391869068145752,0.34368884563446045,0.34142303466796875,0.3525390625,0.0,0.3432236313819885,0.3488912880420685,0.3460342288017273,0.3564999997615814,1.7153962964103335,0.352891206741333,0.3605917990207672,0.35669994354248047,0.3515625,0.0,0.34537428617477417,0.3509827256202698,0.3481559157371521,0.34450000524520874,1.7370004975606526,0.3395492434501648,0.34478649497032166,0.3421478569507599,0.3466796875,0.0,0.3485146164894104,0.35046762228012085,0.34948840737342834,0.35600000619888306,1.7412179405727084,0.3498474359512329,0.35972368717193604,0.35471683740615845,0.34765625,0.0,0.3367956280708313,0.34715357422828674,0.3418961465358734,0.34700000286102295,1.7037414880025954,0.34209468960762024,0.3512226939201355,0.3465985655784607
0.3484375,0.0,0.34067894220352174,0.34430934190750123,0.3424761891365051,0.35680000185966493,1.7128035602115452,0.3543317437171936,0.35912837386131286,0.3567120015621185,0.3671875,0.0,0.3549320697784424,0.3598719835281372,0.35738494992256165,0.35199999809265137,1.7312760390932598,0.3469843566417694,0.3486993610858917,0.34783974289894104,0.330078125,0.0,0.32463881373405457,0.3303438723087311,0.3274664878845215,0.3564999997615814,1.685985803604126,0.3579360842704773,0.3634231686592102,0.36065876483917236,0.33203125,0.0,0.3296065330505371,0.33237963914871216,0.33098727464675903,0.3474999964237213,1.7280682136142065,0.3406413197517395,0.34680578112602234,0.34369590878486633,0.3486328125,0.0,0.34380868077278137,0.34127262234687805,0.34253594279289246,0.3580000102519989,1.7326778930331033,0.35483527183532715,0.36094680428504944,0.35786497592926025,0.3642578125,0.0,0.3504086136817932,0.3576785922050476,0.354006290435791,0.3700000047683716,1.686009851713029,0.37126168608665466,0.3757667541503906,0.37350061535835266
0.343359375,0.0,0.33578936457633973,0.3423267602920532,0.3390180468559265,0.3629000008106232,1.7099917275565015,0.35674833655357363,0.3649152934551239,0.36078100800514223,0.3212890625,0.0,0.3156602382659912,0.32229524850845337,0.31894323229789734,0.36399999260902405,1.730012852048117,0.3568115830421448,0.36103683710098267,0.35891175270080566,0.3427734375,0.0,0.33984822034835815,0.3413199782371521,0.3405825197696686,0.3700000047683716,1.6892147366962735,0.3633216321468353,0.3739692270755768,0.3685685396194458,0.34375,0.0,0.3369045853614807,0.34095925092697144,0.3389197885990143,0.3610000014305115,1.7104404483522688,0.35325953364372253,0.3610067367553711,0.35709109902381897,0.345703125,0.0,0.34135931730270386,0.3508421778678894,0.34603580832481384,0.3605000078678131,1.7265692154566448,0.3531114459037781,0.36449378728866577,0.3587123453617096,0.36328125,0.0,0.3451744616031647,0.3562171459197998,0.3506088852882385,0.35899999737739563,1.6937213852292015,0.35723748803138733,0.3640698790550232,0.36062130331993103
0.360546875,0.0,0.35157976746559144,0.3564900815486908,0.35400156378746034,0.3640999972820282,1.70195775296953,0.3575252294540405,0.36671332120895384,0.36205772757530214,0.3623046875,0.0,0.3574267327785492,0.36473116278648376,0.3610420227050781,0.36149999499320984,1.7093412062478444,0.34781891107559204,0.35545462369918823,0.35159531235694885,0.3916015625,0.0,0.3730732798576355,0.3865470290184021,0.37969064712524414,0.36500000953674316,1.6840167878166077,0.35715451836586,0.3701480031013489,0.36353519558906555,0.330078125,0.0,0.3261575698852539,0.32509806752204895,0.3256269693374634,0.36149999499320984,1.706469594486176,0.35484516620635986,0.3632422089576721,0.35899460315704346,0.359375,0.0,0.3515244424343109,0.35301417112350464,0.3522677421569824,0.3644999861717224,1.7282706518021842,0.36200401186943054,0.36867624521255493,0.3653096854686737,0.359375,0.0,0.34971681237220764,0.3530599772930145,0.35138043761253357,0.36800000071525574,1.6816905244948372,0.3658035397529602,0.3760455250740051,0.37085384130477905
0.3677734375,0.0,0.3566999673843384,0.36198914647102354,0.3592898726463318,0.36600000262260435,1.7001487145348202,0.3589936256408691,0.36782881021499636,0.3633430480957031,0.353515625,0.0,0.33001765608787537,0.34085312485694885,0.33534789085388184,0.3675000071525574,1.7110462926682972,0.3544081747531891,0.36171066761016846,0.35802218317985535,0.3740234375,0.0,0.3658141791820526,0.3729538321495056,0.36934950947761536,0.3610000014305115,1.6891430200092377,0.35106492042541504,0.36661243438720703,0.35867029428482056,0.3671875,0.0,0.36673063039779663,0.3585239052772522,0.362580806016922,0.36399999260902405,1.697488648550851,0.3615253269672394,0.3651987910270691,0.3633527457714081,0.376953125,0.0,0.3717106580734253,0.3776264786720276,0.3746452331542969,0.3695000112056732,1.7173636962497045,0.3672890067100525,0.3722938895225525,0.3697744905948639,0.3671875,0.0,0.349226713180542,0.35998839139938354,0.35452592372894287,0.36800000071525574,1.68570191519601,0.3606806993484497,0.3733282685279846,0.36689552664756775
0.37265625,0.0,0.3623584985733032,0.36800668239593504,0.36515796184539795,0.3704999923706055,1.6890692290805633,0.36204405426979064,0.3716247618198395,0.36676372289657594,0.3505859375,0.0,0.3369237184524536,0.34299108386039734,0.33993029594421387,0.36649999022483826,1.7003168113647946,0.3548586368560791,0.361968994140625,0.3583785593509674,0.396484375,0.0,0.37997889518737793,0.38728106021881104,0.38359519839286804,0.36899998784065247,1.6688489781485663,0.3650849461555481,0.3721265196800232,0.3685721158981323,0.3486328125,0.0,0.3440372347831726,0.3489726483821869,0.3464874029159546,0.3644999861717224,1.6965747541851468,0.3518297076225281,0.3669441044330597,0.3592279851436615,0.3720703125,0.0,0.36412444710731506,0.3718559443950653,0.36794960498809814,0.3869999945163727,1.7134318976175218,0.3820367753505707,0.3889836072921753,0.3854788839817047,0.3955078125,0.0,0.3867281973361969,0.3889326751232147,0.3878273069858551,0.36550000309944153,1.666173704086788,0.3564102053642273,0.3681005835533142,0.3621610701084137
0.3634765625,0.0,0.3547282040119171,0.3610588014125824,0.3578625857830048,0.36890000104904175,1.6867045569041417,0.36431159973144533,0.3714598298072815,0.36784946322441103,0.3759765625,0.0,0.36749744415283203,0.37092894315719604,0.36920520663261414,0.35350000858306885,1.7133674413438826,0.3462637662887573,0.3518550395965576,0.3490370213985443,0.3720703125,0.0,0.3671205937862396,0.37436187267303467,0.37070587277412415,0.3774999976158142,1.6575863910099817,0.3712445795536041,0.38032224774360657,0.375728577375412,0.359375,0.0,0.3448348641395569,0.3541836738586426,0.34944674372673035,0.36800000071525574,1.6856946188306052,0.36381128430366516,0.36905574798583984,0.36641475558280945,0.3623046875,0.0,0.35442620515823364,0.35983502864837646,0.3571101427078247,0.36800000071525574,1.7088249391979642,0.36538711190223694,0.3721063435077667,0.36871612071990967,0.34765625,0.0,0.3397619128227234,0.34598448872566223,0.34284496307373047,0.3774999976158142,1.6680493941382757,0.374851256608963,0.3839597702026367,0.37935084104537964
0.378125,0.0,0.36917501091957095,0.3737658441066742,0.37144436240196227,0.3758000016212463,1.6753479321797689,0.370367431640625,0.3771799743175507,0.3737418055534363,0.384765625,0.0,0.3742741346359253,0.3848569393157959,0.37949177622795105,0.36149999499320984,1.6968543264600966,0.3506551682949066,0.35695070028305054,0.35377493500709534,0.357421875,0.0,0.3515068590641022,0.3492254614830017,0.3503624498844147,0.38850000500679016,1.6468696726693048,0.38493627309799194,0.39096859097480774,0.38792896270751953,0.375,0.0,0.36867108941078186,0.3756881058216095,0.37214651703834534,0.3765000104904175,1.676299600374131,0.3696114420890808,0.376506507396698,0.37302711606025696,0.4013671875,0.0,0.3903561234474182,0.393729031085968,0.3920353353023529,0.37950000166893005,1.7042590985222468,0.3772273063659668,0.3831758201122284,0.3801782727241516,0.3720703125,0.0,0.3610668480396271,0.36532968282699585,0.36318573355674744,0.37299999594688416,1.6524569628730652,0.36940696835517883,0.37829825282096863,0.37379974126815796
0.3732421875,0.0,0.36473957300186155,0.3716934502124786,0.3681784927845001,0.37670000195503234,1.668979239085364,0.3733092248439789,0.3787532389163971,0.3760099709033966,0.3603515625,0.0,0.3507479131221771,0.3577653467655182,0.3542218804359436,0.36550000309944153,1.6932231320275202,0.3583662509918213,0.36371251940727234,0.3610195815563202,0.3857421875,0.0,0.37127694487571716,0.3801310658454895,0.37565186619758606,0.39800000190734863,1.6323500152618167,0.39453402161598206,0.4007786810398102,0.39763182401657104,0.3779296875,0.0,0.37220311164855957,0.37413281202316284,0.37316545844078064,0.3644999861717224,1.6806690446914188,0.3620840907096863,0.36571699380874634,0.36389145255088806,0.3564453125,0.0,0.353837251663208,0.36051419377326965,0.3571445643901825,0.38350000977516174,1.6830560669066414,0.38205116987228394,0.3861148953437805,0.38407230377197266,0.3857421875,0.0,0.375632643699646,0.385923832654953,0.3807086944580078,0.3720000088214874,1.6555979365394229,0.36951059103012085,0.3774431049823761,0.3734346926212311
0.376953125,0.0,0.3675152599811554,0.3737118899822235,0.3705842852592468,0.37249999642372134,1.6670870591723732,0.3687102496623993,0.3744774401187897,0.3715590834617615,0.40234375,0.0,0.3944490849971771,0.39672422409057617,0.3955833613872528,0.3725000023841858,1.6904411126696874,0.3621607720851898,0.3671463131904602,0.36463654041290283,0.369140625,0.0,0.3616960346698761,0.3681008815765381,0.3648703396320343,0.3824999928474426,1.6421456034221347,0.37536853551864624,0.38677674531936646,0.3809872567653656,0.359375,0.0,0.3529886305332184,0.3591795861721039,0.35605719685554504,0.3610000014305115,1.6746362466660758,0.3594394326210022,0.36195603013038635,0.3606933057308197,0.3642578125,0.0,0.3514164090156555,0.3592880368232727,0.3553086519241333,0.3824999928474426,1.6772958153770083,0.38572728633880615,0.385753333568573,0.3857403099536896,0.3896484375,0.0,0.37702614068984985,0.3852667212486267,0.3811018764972687,0.36399999260902405,1.6509165177269587,0.36085522174835205,0.37075477838516235,0.36573800444602966
0.3771484375,0.0,0.3699591398239136,0.37645831108093264,0.37317442893981934,0.38070000410079957,1.6625793941437252,0.3732396125793457,0.38329501152038575,0.3781895637512207,0.3642578125,0.0,0.3608969449996948,0.37094253301620483,0.3658508062362671,0.3815000057220459,1.6861265481464447,0.3739038407802582,0.3779795169830322,0.3759306073188782,0.369140625,0.0,0.3635568618774414,0.37202757596969604,0.36774343252182007,0.3955000042915344,1.6320848143289959,0.38729143142700195,0.40053606033325195,0.3938024342060089,0.3701171875,0.0,0.36278799176216125,0.3645816743373871,0.3636826276779175,0.3700000047683716,1.6657825765155612,0.3614000082015991,0.37131601572036743,0.3662909269332886,0.400390625,0.0,0.39571186900138855,0.40044230222702026,0.3980630338191986,0.38600000739097595,1.680611701238723,0.38129326701164246,0.38883161544799805,0.3850255310535431,0.3818359375,0.0,0.36684203147888184,0.37429746985435486,0.37053224444389343,0.37049999833106995,1.6482913304889013,0.3623095154762268,0.37781184911727905,0.36989831924438477
0.3912109375,0.0,0.38444550037384034,0.38595489263534544,0.38518607020378115,0.3809000015258789,1.6587281560140943,0.3782609164714813,0.3836933195590973,0.3809521198272705,0.392578125,0.0,0.386929988861084,0.3907340168952942,0.38882267475128174,0.37599998712539673,1.6866962171736217,0.36644718050956726,0.3723830282688141,0.3693912625312805,0.416015625,0.0,0.4110182821750641,0.41165027022361755,0.4113340377807617,0.39750000834465027,1.6215834333783103,0.39481121301651,0.4024304747581482,0.39858442544937134,0.3984375,0.0,0.3954415023326874,0.38990259170532227,0.3926525115966797,0.37400001287460327,1.6634438416314503,0.375514417886734,0.37532833218574524,0.37542134523391724,0.4052734375,0.0,0.3964110016822815,0.3976796567440033,0.39704430103302,0.382999986410141,1.6717953909011114,0.38169631361961365,0.38735947012901306,0.38450706005096436,0.34375,0.0,0.3324267268180847,0.33980792760849,0.3360768258571625,0.37400001287460327,1.6501218969859774,0.3728354573249817,0.38096529245376587,0.3768565058708191
0.3900390625,0.0,0.3811860799789429,0.3853350758552551,0.3832453668117523,0.3819000005722046,1.6501756331277273,0.376996374130249,0.38390029668807985,0.3804145514965057,0.37890625,0.0,0.3664814829826355,0.3717626929283142,0.36910322308540344,0.36550000309944153,1.6851929199127924,0.35973864793777466,0.3625859022140503,0.3611566722393036,0.392578125,0.0,0.3824617862701416,0.3895893096923828,0.3859926760196686,0.39649999141693115,1.6107440657085843,0.3919956684112549,0.39975231885910034,0.3958359956741333,0.373046875,0.0,0.35995373129844666,0.3652900457382202,0.36260226368904114,0.37700000405311584,1.646443315914699,0.3712937831878662,0.37893053889274597,0.37507328391075134,0.3984375,0.0,0.396681010723114,0.3993927836418152,0.3980322778224945,0.38850000500679016,1.677368470600673,0.38454341888427734,0.3921840786933899,0.38832616806030273,0.4072265625,0.0,0.4003523886203766,0.4006405472755432,0.40049639344215393,0.38199999928474426,1.6311293935018873,0.377410352230072,0.38604864478111267,0.3816806375980377
0.391015625,0.0,0.3831210136413574,0.38894245624542234,0.38599646687507627,0.3937999963760376,1.6451632079623997,0.3867261826992035,0.3957700192928314,0.3911913573741913,0.3994140625,0.0,0.3869608938694,0.39322346448898315,0.39006704092025757,0.38850000500679016,1.6715080246092782,0.3769652247428894,0.38458162546157837,0.3807353377342224,0.400390625,0.0,0.3988596498966217,0.39830514788627625,0.39858219027519226,0.40450000762939453,1.6092119652127463,0.39918607473373413,0.4081701338291168,0.4036281108856201,0.3798828125,0.0,0.37798359990119934,0.38302311301231384,0.3804866671562195,0.38499999046325684,1.6486130858224535,0.37916719913482666,0.385975182056427,0.38254091143608093,0.3857421875,0.0,0.3722843527793884,0.3856646418571472,0.3788563907146454,0.39899998903274536,1.6621129039734128,0.3941202759742737,0.4017155170440674,0.3978816568851471,0.3896484375,0.0,0.3795165717601776,0.38449591398239136,0.3819900453090668,0.3919999897480011,1.6343700601941062,0.3841921389102936,0.39840763807296753,0.39117076992988586
0.3935546875,0.0,0.38582521080970766,0.3906503140926361,0.3882219552993774,0.3860000014305115,1.6400378386179608,0.38303571939468384,0.3878009796142578,0.38540289402008054,0.3984375,0.0,0.3870595693588257,0.3937326967716217,0.39036762714385986,0.3785000145435333,1.6660064402080716,0.3728185296058655,0.37652140855789185,0.37466081976890564,0.3974609375,0.0,0.3908277153968811,0.3964439630508423,0.39361581206321716,0.40049999952316284,1.605270164353507,0.39807194471359253,0.4035417139530182,0.4007881283760071,0.388671875,0.0,0.3815990686416626,0.3860030770301819,0.38378843665122986,0.38449999690055847,1.6344101126231845,0.37997978925704956,0.38318830728530884,0.3815772831439972,0.4013671875,0.0,0.3943234086036682,0.3980879783630371,0.39619675278663635,0.38850000500679016,1.660120025513664,0.3857702910900116,0.39122524857521057,0.3884786069393158,0.3818359375,0.0,0.3753162920475006,0.37898385524749756,0.37714114785194397,0.3779999911785126,1.6343824503913758,0.3785380423069,0.3845282196998596,0.3815096318721771
0.38671875,0.0,0.3796115696430206,0.3843518316745758,0.38195401430130005,0.39950000047683715,1.6306016713853868,0.39437604546546934,0.40120317935943606,0.39775816798210145,0.3779296875,0.0,0.36975163221359253,0.37987205386161804,0.3747435510158539,0.3944999873638153,1.6634296159895638,0.3875693678855896,0.3909226655960083,0.38923880457878113,0.375,0.0,0.3728678822517395,0.3713085949420929,0.3720865845680237,0.4129999876022339,1.5992744725848,0.4101070463657379,0.4173502027988434,0.41369691491127014,0.3857421875,0.0,0.3820335268974304,0.3865177035331726,0.3842625021934509,0.3880000114440918,1.6242641361932906,0.3810301125049591,0.38762134313583374,0.3842974603176117,0.390625,0.0,0.3843991458415985,0.3858310282230377,0.38511377573013306,0.40700000524520874,1.6459644200309875,0.40059036016464233,0.40976887941360474,0.4051276445388794,0.404296875,0.0,0.3890056610107422,0.39822977781295776,0.3935636579990387,0.39500001072883606,1.6200757121282912,0.39258334040641785,0.40035280585289,0.39643001556396484
0.3888671875,0.0,0.38057481646537783,0.38738774061203,0.38394896388053895,0.39690000414848325,1.6277760225629052,0.3920515298843384,0.3993236184120178,0.39564706683158873,0.3828125,0.0,0.3726396858692169,0.3796917796134949,0.37613266706466675,0.3919999897480011,1.6555771827697754,0.37978217005729675,0.3880819082260132,0.3838871717453003,0.3837890625,0.0,0.3703785538673401,0.37761640548706055,0.3739624619483948,0.4124999940395355,1.5861644820561485,0.4107290804386139,0.4171381890773773,0.41390880942344666,0.3896484375,0.0,0.3832666873931885,0.38685736060142517,0.3850536346435547,0.3880000114440918,1.6261756306602841,0.38766735792160034,0.3889760971069336,0.38832059502601624,0.384765625,0.0,0.3820517361164093,0.3888511657714844,0.385421484708786,0.4065000116825104,1.6475053174155099,0.4002065658569336,0.40964826941490173,0.4048723876476288,0.4033203125,0.0,0.39453741908073425,0.4039219915866852,0.3991745710372925,0.3855000138282776,1.6234574999128069,0.3818724751472473,0.3927736282348633,0.38724637031555176
0.3896484375,0.0,0.3790986955165863,0.38570088148117065,0.3823678016662598,0.3976999998092651,1.620015513707721,0.3982339560985565,0.39943652153015136,0.39883251786231994,0.41015625,0.0,0.3983256220817566,0.406110942363739,0.40218061208724976,0.39100000262260437,1.6415706816173734,0.38601988554000854,0.3864775598049164,0.3862486183643341,0.3701171875,0.0,0.36676546931266785,0.37355679273605347,0.3701299726963043,0.4194999933242798,1.5897648372347393,0.42293113470077515,0.4235338270664215,0.42323222756385803,0.3623046875,0.0,0.360599160194397,0.36292099952697754,0.3617563247680664,0.38850000500679016,1.6201879732192508,0.38805800676345825,0.3879302144050598,0.38799411058425903,0.4013671875,0.0,0.3830752968788147,0.38933655619621277,0.3861805498600006,0.40450000762939453,1.6386801117942447,0.40771517157554626,0.40829411149024963,0.40800443291664124,0.404296875,0.0,0.3867279291152954,0.3965791165828705,0.39159154891967773,0.38499999046325684,1.609873964672997,0.3864455819129944,0.3909468948841095,0.3886831998825073
0.407421875,0.0,0.3996701598167419,0.4049431085586548,0.40228691697120667,0.40119999647140503,1.6183402205270434,0.39945125579833984,0.40311031341552733,0.40126887559890745,0.4033203125,0.0,0.40114298462867737,0.4064508080482483,0.40377941727638245,0.39649999141693115,1.6374378544943673,0.38964176177978516,0.3935142457485199,0.3915683925151825,0.4052734375,0.0,0.3989785611629486,0.4044095575809479,0.4016757011413574,0.4165000021457672,1.5835934101589142,0.4133439064025879,0.41932210326194763,0.4163115322589874,0.4111328125,0.0,0.3988255560398102,0.40398526191711426,0.40138882398605347,0.3955000042915344,1.6220180023284185,0.3951975405216217,0.39560121297836304,0.395399272441864,0.4267578125,0.0,0.42358437180519104,0.42598843574523926,0.42478302121162415,0.4124999940395355,1.6331318295191204,0.41477170586586,0.41636747121810913,0.4155680239200592,0.390625,0.0,0.3758193254470825,0.38388147950172424,0.37980762124061584,0.38499999046325684,1.6155200061343966,0.3843013644218445,0.390746533870697,0.3874971568584442
0.4076171875,0.0,0.39876938462257383,0.4033673882484436,0.4010478615760803,0.3956000030040741,1.6161809690414914,0.3938345193862915,0.3980832040309906,0.3959369778633118,0.4150390625,0.0,0.4086241126060486,0.41612258553504944,0.4123392403125763,0.38600000739097595,1.637002430264912,0.3772161602973938,0.3814023435115814,0.37929773330688477,0.4326171875,0.0,0.42388591170310974,0.4260755181312561,0.4249778985977173,0.4020000100135803,1.5858963065677218,0.3981662094593048,0.4077399671077728,0.4028961956501007,0.3798828125,0.0,0.37368690967559814,0.3727652430534363,0.37322548031806946,0.39399999380111694,1.6127438999357677,0.3972148299217224,0.39465925097465515,0.3959329426288605,0.4150390625,0.0,0.4053571820259094,0.4137503206729889,0.4095107316970825,0.4009999930858612,1.6396386339550926,0.4015747606754303,0.40453559160232544,0.4030497074127197,0.3955078125,0.0,0.38229280710220337,0.3881232738494873,0.38518595695495605,0.39500001072883606,1.6056235744839622,0.3950006365776062,0.40207886695861816,0.39850831031799316
0.4130859375,0.0,0.40616385340690614,0.40965589284896853,0.4078973889350891,0.4072999954223633,1.606445672776964,0.401399827003479,0.408314174413681,0.4048261821269989,0.4091796875,0.0,0.39937645196914673,0.40179935097694397,0.40058422088623047,0.40549999475479126,1.6295247948358929,0.397137850522995,0.4013501703739166,0.3992328941822052,0.419921875,0.0,0.4102357029914856,0.41725245118141174,0.41371431946754456,0.4129999876022339,1.5839572861081077,0.4090579152107239,0.41631245613098145,0.4126533269882202,0.41796875,0.0,0.4145417809486389,0.41308754682540894,0.41381338238716125,0.3944999873638153,1.6088436255379328,0.38782352209091187,0.3943588435649872,0.3910638689994812,0.3974609375,0.0,0.39469456672668457,0.39958456158638,0.3971245288848877,0.4194999933242798,1.6283281057599992,0.4132186472415924,0.42206472158432007,0.4175948202610016,0.4208984375,0.0,0.41197076439857483,0.4165555536746979,0.4142504930496216,0.40400001406669617,1.5815745516428872,0.3997611999511719,0.40748468041419983,0.4035860002040863
0.41953125,0.0,0.41096377968788145,0.41668165326118467,0.4137991964817047,0.4047999918460846,1.60694279784248,0.40020430088043213,0.40665910840034486,0.40339991450309753,0.4365234375,0.0,0.4272668957710266,0.4310592710971832,0.4291546940803528,0.40149998664855957,1.6273150954927718,0.3957347571849823,0.3977919816970825,0.3967607021331787,0.419921875,0.0,0.4167771339416504,0.421511709690094,0.4191310405731201,0.39899998903274536,1.5849027103847928,0.39239758253097534,0.4032871127128601,0.3977678418159485,0.408203125,0.0,0.3992595970630646,0.40537962317466736,0.4022963345050812,0.4025000035762787,1.6042738755544026,0.3975304663181305,0.4020935893058777,0.39979901909828186,0.40234375,0.0,0.394173800945282,0.4042544364929199,0.3991504907608032,0.41749998927116394,1.6261802173796154,0.4147113859653473,0.4207688271999359,0.41771814227104187,0.4306640625,0.0,0.4173414707183838,0.42120322585105896,0.41926342248916626,0.4034999907016754,1.592042090400817,0.4006473124027252,0.409354031085968,0.40495386719703674
0.410546875,0.0,0.4055311679840088,0.4083530008792877,0.4069341063499451,0.40570000410079954,1.608962658851866,0.4010749638080597,0.40722415447235105,0.4041230261325836,0.4052734375,0.0,0.3966596722602844,0.40292006731033325,0.39976534247398376,0.39800000190734863,1.6373696686729553,0.39314672350883484,0.3954538404941559,0.39429691433906555,0.42578125,0.0,0.4211994707584381,0.4212258458137512,0.42121264338493347,0.4099999964237213,1.5808059317725045,0.4043651521205902,0.41388097405433655,0.40906772017478943,0.4091796875,0.0,0.40657368302345276,0.40851062536239624,0.40753984451293945,0.39800000190734863,1.6096123192045424,0.3919411301612854,0.3981582820415497,0.39502525329589844,0.4052734375,0.0,0.3998875916004181,0.40145379304885864,0.4006691575050354,0.41600000858306885,1.628289400585114,0.41189417243003845,0.41888800263404846,0.4153616428375244,0.4072265625,0.0,0.40333542227745056,0.40765467286109924,0.40548354387283325,0.4065000116825104,1.5887359740242126,0.40402764081954956,0.4097396731376648,0.40686360001564026
0.407421875,0.0,0.39921505451202394,0.4054893672466278,0.40232363939285276,0.412199991941452,1.6019698775003826,0.4090318739414215,0.4135403513908386,0.4112689673900604,0.4189453125,0.0,0.4147658944129944,0.4220462441444397,0.4183744192123413,0.3955000042915344,1.6379883516402471,0.39126449823379517,0.39381879568099976,0.39253750443458557,0.3994140625,0.0,0.3929811120033264,0.3949190676212311,0.39394766092300415,0.4154999852180481,1.5712359330010792,0.41137972474098206,0.4185783267021179,0.4149477779865265,0.3837890625,0.0,0.38100770115852356,0.385525107383728,0.3832530975341797,0.4059999883174896,1.5980363043527754,0.39949527382850647,0.4064306318759918,0.40293312072753906,0.412109375,0.0,0.3982173204421997,0.4073750376701355,0.4027441442012787,0.4284999966621399,1.6161259318154955,0.42529207468032837,0.4312177300453186,0.42823439836502075,0.4228515625,0.0,0.40910324454307556,0.41758137941360474,0.4132988750934601,0.4154999852180481,1.586462866692316,0.4177277982234955,0.417656272649765,0.41769203543663025
0.407421875,0.0,0.40138636231422425,0.40565807223320005,0.40350393652915956,0.4145000040531158,1.587494124685015,0.41008906364440917,0.4157863318920135,0.41291425228118894,0.3720703125,0.0,0.3640821576118469,0.3731722831726074,0.3685711920261383,0.40299999713897705,1.6179157873940846,0.397651731967926,0.3990921974182129,0.3983706831932068,0.421875,0.0,0.4147847592830658,0.41968029737472534,0.4172181785106659,0.4165000021457672,1.5507569729335724,0.4098208546638489,0.4192846715450287,0.41449877619743347,0.4228515625,0.0,0.4127253592014313,0.4154052734375,0.4140609800815582,0.42500001192092896,1.5821226229743353,0.4204217493534088,0.4258289337158203,0.4231081008911133,0.3984375,0.0,0.3978925049304962,0.3973209857940674,0.3976065516471863,0.4259999990463257,1.617237995541285,0.42282405495643616,0.4290202260017395,0.42589959502220154,0.421875,0.0,0.417447030544281,0.4227115213871002,0.420062780380249,0.4020000100135803,1.5694372445817977,0.399726927280426,0.40570563077926636,0.40269410610198975
0.4197265625,0.0,0.41325350999832156,0.4162119209766388,0.4147260248661041,0.410999995470047,1.5862541550681704,0.4050086200237274,0.4119111061096191,0.40842888951301576,0.4296875,0.0,0.42281466722488403,0.4271710515022278,0.4249817132949829,0.40049999952316284,1.613153402767484,0.39190974831581116,0.3955268859863281,0.39371004700660706,0.404296875,0.0,0.39796242117881775,0.40134739875793457,0.39964771270751953,0.4259999990463257,1.548600677459959,0.42095834016799927,0.42839688062667847,0.4246450364589691,0.42578125,0.0,0.42616572976112366,0.4306662976741791,0.42840418219566345,0.42149999737739563,1.5807128312095764,0.4121650159358978,0.42094069719314575,0.41650667786598206,0.4091796875,0.0,0.4000157415866852,0.40023088455200195,0.4001232981681824,0.41999998688697815,1.6096357788358415,0.4144755005836487,0.4230305552482605,0.41870930790901184,0.4296875,0.0,0.41930899024009705,0.4216439723968506,0.42047321796417236,0.3869999945163727,1.5791680850679912,0.38553449511528015,0.39166051149368286,0.38857337832450867
0.41171875,0.0,0.40433105230331423,0.4089276075363159,0.40661306381225587,0.414300000667572,1.5861492955495444,0.4151905715465546,0.4164618730545044,0.41582401394844054,0.380859375,0.0,0.37894561886787415,0.38328883051872253,0.38110485672950745,0.41449999809265137,1.6081538030079432,0.4089740812778473,0.411715567111969,0.41034021973609924,0.4169921875,0.0,0.4057762622833252,0.41319435834884644,0.4094517230987549,0.4255000054836273,1.5501946929901365,0.4285109043121338,0.42930036783218384,0.42890527844429016,0.416015625,0.0,0.408007949590683,0.40845417976379395,0.40823090076446533,0.40549999475479126,1.5893315644491286,0.4059181809425354,0.4059982895851135,0.40595823526382446,0.4521484375,0.0,0.44594746828079224,0.45235833525657654,0.4491300582885742,0.4194999933242798,1.60239192985353,0.42178648710250854,0.42138156294822693,0.42158395051956177,0.392578125,0.0,0.3829779624938965,0.38734233379364014,0.3851477801799774,0.4065000116825104,1.5806744874469818,0.4107632040977478,0.4139135777950287,0.4123323857784271
0.434765625,0.0,0.4292528986930847,0.4315964698791504,0.43041751980781556,0.4191999971866608,1.5795481481249372,0.41399531364440917,0.4205328643321991,0.4172354876995087,0.4638671875,0.0,0.4557464122772217,0.4623847007751465,0.459041565656662,0.414000004529953,1.6098253935102433,0.40633660554885864,0.40953946113586426,0.40793174505233765,0.4521484375,0.0,0.4463574290275574,0.44623613357543945,0.4462967813014984,0.4244999885559082,1.543784735694764,0.4192568361759186,0.42868202924728394,0.4239170253276825,0.3955078125,0.0,0.3928537368774414,0.3928263783454895,0.39284005761146545,0.4194999933242798,1.5742849471077087,0.4140319228172302,0.42012062668800354,0.41705405712127686,0.4375,0.0,0.43295636773109436,0.4374264180660248,0.4351798892021179,0.42149999737739563,1.6048574466553946,0.4150381088256836,0.4238191545009613,0.41938266158103943,0.4248046875,0.0,0.41835054755210876,0.41910871863365173,0.418729305267334,0.4165000021457672,1.5649882176565746,0.41531309485435486,0.42050305008888245,0.4178919494152069
0.4337890625,0.0,0.42603036761283875,0.43050485849380493,0.4282501697540283,0.4176999986171722,1.5783266381611898,0.41432580947875974,0.4184649348258972,0.4163819193840027,0.4208984375,0.0,0.4103294909000397,0.41423264145851135,0.4122718274593353,0.4104999899864197,1.6064470287353274,0.40588951110839844,0.4078351855278015,0.4068600535392761,0.419921875,0.0,0.41117581725120544,0.4149470329284668,0.4130527973175049,0.4205000102519989,1.541777977867732,0.41457122564315796,0.42244014143943787,0.418468713760376,0.4375,0.0,0.43616074323654175,0.43604516983032227,0.436102956533432,0.4169999957084656,1.5765285946073986,0.4129527509212494,0.41680940985679626,0.4148721396923065,0.44921875,0.0,0.44061461091041565,0.4506053924560547,0.4455540180206299,0.4255000054836273,1.605690984498887,0.4220491945743561,0.4275112748146057,0.42476263642311096,0.44140625,0.0,0.4318711757659912,0.43669405579566956,0.4342692494392395,0.41499999165534973,1.561188605096605,0.41616636514663696,0.4177286624908447,0.41694605350494385
0.4236328125,0.0,0.41744903922080995,0.4224827229976654,0.41994673013687134,0.41810000538825987,1.575805716287522,0.4118120431900024,0.41925481557846067,0.4154995620250702,0.4365234375,0.0,0.42295560240745544,0.4307389259338379,0.4268117845058441,0.4090000092983246,1.6080529689788818,0.39872485399246216,0.4042912423610687,0.4014887809753418,0.4267578125,0.0,0.42599695920944214,0.4311911463737488,0.42857831716537476,0.42100000381469727,1.5349755892677912,0.4156656265258789,0.4238692820072174,0.4197273850440979,0.408203125,0.0,0.4055442214012146,0.40653032064437866,0.4060366451740265,0.40799999237060547,1.5723821341045319,0.4009665548801422,0.4077390134334564,0.4043244421482086,0.408203125,0.0,0.4030913710594177,0.41086459159851074,0.40694087743759155,0.42750000953674316,1.6046639434875003,0.42263922095298767,0.4312838017940521,0.42691776156425476,0.4384765625,0.0,0.4296570420265198,0.43308863043785095,0.4313660264015198,0.42500001192092896,1.558953945598905,0.42106395959854126,0.4290907382965088,0.4250394403934479
0.427734375,0.0,0.4192575991153717,0.42487239837646484,0.4220428287982941,0.4167999982833862,1.5814123615385993,0.4167863428592682,0.41924573183059693,0.4180090487003326,0.435546875,0.0,0.42745986580848694,0.4340822100639343,0.43074554204940796,0.4050000011920929,1.6078599275104584,0.40044623613357544,0.40210437774658203,0.40127360820770264,0.4326171875,0.0,0.4317805767059326,0.4326990246772766,0.432239294052124,0.41749998927116394,1.548762011149573,0.41750097274780273,0.4210573732852936,0.41927164793014526,0.431640625,0.0,0.4204963147640228,0.4281248450279236,0.42427632212638855,0.4169999957084656,1.5876371406373524,0.4183656573295593,0.41656485199928284,0.4174633026123047,0.4345703125,0.0,0.42163920402526855,0.4283936023712158,0.42498958110809326,0.4259999990463257,1.5909787586757116,0.42599543929100037,0.4297167658805847,0.42784804105758667,0.404296875,0.0,0.3949120342731476,0.4010623097419739,0.39796340465545654,0.41850000619888306,1.571823969719902,0.4216234087944031,0.42678529024124146,0.42418864369392395
0.4296875,0.0,0.42161392569541933,0.42862975001335146,0.42508518099784853,0.4191999971866608,1.5756943558889722,0.4220306515693665,0.42021824717521666,0.4211213946342468,0.4208984375,0.0,0.41595029830932617,0.42649006843566895,0.4211542308330536,0.4020000100135803,1.6103872458140056,0.402167946100235,0.39829960465431213,0.4002244472503662,0.4052734375,0.0,0.3979620933532715,0.39932364225387573,0.3986417055130005,0.42899999022483826,1.5378983626289973,0.43240222334861755,0.4306182861328125,0.4315083920955658,0.4296875,0.0,0.42389780282974243,0.43313342332839966,0.4284658432006836,0.41499999165534973,1.5868571618246654,0.41549286246299744,0.41528090834617615,0.4153868556022644,0.4384765625,0.0,0.4373992085456848,0.44127750396728516,0.4393298029899597,0.4284999966621399,1.5859410724942646,0.4326235353946686,0.43198633193969727,0.432304710149765,0.4541015625,0.0,0.43286022543907166,0.4429241120815277,0.43783432245254517,0.42149999737739563,1.5573879366829282,0.4274666905403137,0.4249061048030853,0.4261825680732727
0.437109375,0.0,0.4327661097049713,0.4354137539863586,0.4340730428695679,0.4192999958992004,1.5750593541160463,0.41571850180625913,0.42019245624542234,0.4179417848587036,0.41796875,0.0,0.41360417008399963,0.4164566099643707,0.4150254726409912,0.40849998593330383,1.6027931296636189,0.40208426117897034,0.40369075536727905,0.40288588404655457,0.4453125,0.0,0.4443306028842926,0.4428202509880066,0.44357410073280334,0.42149999737739563,1.5493781472009325,0.41811761260032654,0.42518043518066406,0.4216194450855255,0.447265625,0.0,0.435465008020401,0.44557109475135803,0.44046011567115784,0.4124999940395355,1.5808105998569064,0.40728282928466797,0.4118478298187256,0.40955260396003723,0.4375,0.0,0.43646469712257385,0.4332505762577057,0.4348517060279846,0.429500013589859,1.5815923668089367,0.4269537031650543,0.43116164207458496,0.4290473461151123,0.4375,0.0,0.4339660704135895,0.4389702379703522,0.43645381927490234,0.4244999885559082,1.5607225270498366,0.4241541028022766,0.42908161878585815,0.42660364508628845
0.4380859375,0.0,0.4320583939552307,0.4371178925037384,0.4345709025859833,0.42689999341964724,1.565757153904627,0.42525532841682434,0.42777498960495,0.4265098929405212,0.4306640625,0.0,0.4284471571445465,0.4326252341270447,0.4305260479450226,0.4124999940395355,1.5934449377514066,0.40701189637184143,0.4078478217124939,0.40742942690849304,0.412109375,0.0,0.40594643354415894,0.4110492765903473,0.4084819257259369,0.43299999833106995,1.5350216948796833,0.4313807487487793,0.4341786801815033,0.43277519941329956,0.4521484375,0.0,0.4439713954925537,0.452139288187027,0.4480181336402893,0.4334999918937683,1.5652084691183907,0.427163690328598,0.432680606842041,0.4299044609069824,0.4453125,0.0,0.44241562485694885,0.44857802987098694,0.4454755187034607,0.4334999918937683,1.5815624812292675,0.4344615936279297,0.4366782307624817,0.43556708097457886,0.4501953125,0.0,0.43951135873794556,0.44119763374328613,0.4403528869152069,0.421999990940094,1.553548186544388,0.42625871300697327,0.42748960852622986,0.4268732964992523
0.4240234375,0.0,0.41470159888267516,0.4216230511665344,0.4181272566318512,0.4224999964237213,1.5688068465581015,0.42433913350105285,0.4248121500015259,0.4245722770690918,0.4228515625,0.0,0.42068666219711304,0.42761000990867615,0.42412009835243225,0.40400001406669617,1.6011304401216053,0.40255218744277954,0.4010111689567566,0.40178021788597107,0.4423828125,0.0,0.42725783586502075,0.4368082880973816,0.4319802522659302,0.4309999942779541,1.5326551331414118,0.4336950182914734,0.43457716703414917,0.43413564562797546,0.396484375,0.0,0.3921913504600525,0.3925871253013611,0.39238911867141724,0.41499999165534973,1.5647881409478566,0.415621817111969,0.41428303718566895,0.4149513244628906,0.44921875,0.0,0.4393974840641022,0.4479314684867859,0.443623423576355,0.43799999356269836,1.5901072763261341,0.4425691068172455,0.44208526611328125,0.44232702255249023,0.4091796875,0.0,0.3939746618270874,0.4031783640384674,0.39852339029312134,0.4244999885559082,1.5553532422535004,0.4272575378417969,0.43210411071777344,0.4296671748161316
0.451171875,0.0,0.4442637026309967,0.4480916202068329,0.4461667060852051,0.4255999982357025,1.5574966093850515,0.42114282846450807,0.4263139307498932,0.42371091842651365,0.447265625,0.0,0.438152551651001,0.4423918128013611,0.44026196002960205,0.4189999997615814,1.585260860503666,0.41185298562049866,0.4141067862510681,0.41297680139541626,0.4599609375,0.0,0.4548739790916443,0.4577929377555847,0.45632877945899963,0.4359999895095825,1.5252571276256017,0.4303591847419739,0.43814119696617126,0.43421533703804016,0.43359375,0.0,0.42645421624183655,0.43024665117263794,0.4283420443534851,0.42100000381469727,1.5544581034826854,0.4155898988246918,0.42080503702163696,0.4181812107563019,0.4658203125,0.0,0.4582909941673279,0.46589499711990356,0.46206170320510864,0.43299999833106995,1.575642392748878,0.429630845785141,0.43468332290649414,0.4321422874927521,0.44921875,0.0,0.44354677200317383,0.4441317021846771,0.44383904337882996,0.4189999997615814,1.546864562564426,0.418281227350235,0.42383331060409546,0.421038955450058
0.4583984375,0.0,0.44895477294921876,0.452905136346817,0.450918447971344,0.4296999990940094,1.5595613933744883,0.42276752591133115,0.43085882663726804,0.4267721652984619,0.474609375,0.0,0.45705994963645935,0.46076130867004395,0.45890313386917114,0.41350001096725464,1.5966653350799802,0.4034992754459381,0.40964269638061523,0.40654781460762024,0.4462890625,0.0,0.4338912069797516,0.4400178790092468,0.43693307042121887,0.43799999356269836,1.5217067949355594,0.42965808510780334,0.4419914782047272,0.4357375204563141,0.458984375,0.0,0.45783644914627075,0.45837777853012085,0.45810696482658386,0.42399999499320984,1.5588547142725142,0.41623562574386597,0.4243851602077484,0.4202708899974823,0.453125,0.0,0.44538936018943787,0.451946496963501,0.4486439526081085,0.4440000057220459,1.576164786777799,0.43890777230262756,0.4463765025138855,0.44261062145233154,0.458984375,0.0,0.4505968987941742,0.4534222185611725,0.4520051181316376,0.42899999022483826,1.5444153358065893,0.4255368709564209,0.431898295879364,0.4286939799785614
0.429296875,0.0,0.42244988679885864,0.42895495891571045,0.425676155090332,0.42940000295639036,1.5552560772214616,0.4298883259296417,0.43126900792121886,0.43057637214660643,0.4296875,0.0,0.4199250340461731,0.426001638174057,0.42294153571128845,0.41350001096725464,1.590156320541624,0.41144171357154846,0.41046342253685,0.41095197200775146,0.4228515625,0.0,0.422150194644928,0.4293297231197357,0.42570972442626953,0.4390000104904175,1.519385474068778,0.44037073850631714,0.4430508017539978,0.44170671701431274,0.41796875,0.0,0.4083971381187439,0.41520509123802185,0.4117729961872101,0.4194999933242798,1.5493985319894457,0.41713863611221313,0.41815632581710815,0.4176468849182129,0.431640625,0.0,0.4230106472969055,0.43151506781578064,0.42722055315971375,0.43799999356269836,1.5774063477440485,0.4412343502044678,0.4422745108604431,0.4417538344860077,0.4443359375,0.0,0.4387664198875427,0.44272327423095703,0.44073596596717834,0.43700000643730164,1.5399337117634122,0.4392561912536621,0.4423999786376953,0.44082245230674744
0.4529296875,0.0,0.4467377483844757,0.450509124994278,0.44861252307891847,0.4311999976634979,1.5513304108665102,0.42369672656059265,0.4322333335876465,0.42792077660560607,0.45703125,0.0,0.4559747278690338,0.45818543434143066,0.4570774435997009,0.4165000021457672,1.5827686237910437,0.4073074758052826,0.41247591376304626,0.40987542271614075,0.4521484375,0.0,0.44937506318092346,0.4502135217189789,0.44979390501976013,0.4490000009536743,1.5118333347260007,0.44067397713661194,0.45144930481910706,0.44599658250808716,0.4580078125,0.0,0.4436773359775543,0.4511535167694092,0.44738420844078064,0.42899999022483826,1.5474206928222898,0.4217833876609802,0.4307280480861664,0.4262087941169739,0.4482421875,0.0,0.4428507685661316,0.4461827278137207,0.44451048970222473,0.4375,1.572559396425883,0.4311307370662689,0.43939709663391113,0.43522465229034424,0.44921875,0.0,0.44181084632873535,0.44681042432785034,0.44429656863212585,0.42399999499320984,1.5420700065673343,0.4175880551338196,0.4271163046360016,0.4222984313964844
0.4375,0.0,0.43299963474273684,0.4377515971660614,0.4353556215763092,0.42930000424385073,1.5502848791697668,0.42155136466026305,0.4302133977413177,0.4258373141288757,0.4150390625,0.0,0.41385945677757263,0.4244840741157532,0.4191044569015503,0.4165000021457672,1.5791878946243771,0.40532398223876953,0.4128188192844391,0.4090370833873749,0.43359375,0.0,0.4265438914299011,0.42675653100013733,0.42665016651153564,0.4375,1.5162413214880324,0.4296249449253082,0.4411160349845886,0.43529465794563293,0.4404296875,0.0,0.4373372197151184,0.44092804193496704,0.43912529945373535,0.42500001192092896,1.5518817352870153,0.4161735475063324,0.42398256063461304,0.4200417697429657,0.4365234375,0.0,0.43559592962265015,0.43929678201675415,0.4374385178089142,0.4440000057220459,1.5637338577754913,0.43740206956863403,0.44553861021995544,0.4414328932762146,0.4619140625,0.0,0.4516616761684418,0.4572925567626953,0.45445966720581055,0.4235000014305115,1.5403795866739183,0.4192322790622711,0.42761096358299255,0.42338016629219055
0.455078125,0.0,0.4497102081775665,0.452640974521637,0.4511615574359894,0.4337000072002411,1.5432626989152698,0.43045600652694704,0.4350856959819794,0.432755446434021,0.453125,0.0,0.44321829080581665,0.45062002539634705,0.4468885362148285,0.4244999885559082,1.5640599481643191,0.4196875989437103,0.42107248306274414,0.4203788936138153,0.453125,0.0,0.4484221339225769,0.4537314772605896,0.4510611891746521,0.44350001215934753,1.5166210920091658,0.4392940104007721,0.4472581744194031,0.44324028491973877,0.431640625,0.0,0.4291324019432068,0.43366575241088867,0.43138715624809265,0.42250001430511475,1.5389427287237984,0.42024341225624084,0.4227728843688965,0.42150434851646423,0.462890625,0.0,0.4556085169315338,0.4512661397457123,0.45342692732810974,0.453000009059906,1.5615638343114702,0.4491804540157318,0.4553409516811371,0.4522397220134735,0.474609375,0.0,0.4721696972846985,0.4739214777946472,0.4730439782142639,0.42500001192092896,1.5351258913675945,0.42387455701828003,0.42898398637771606,0.42641398310661316
0.444140625,0.0,0.4388761341571808,0.44346584677696227,0.44115479588508605,0.43369999527931213,1.5401554739664471,0.42927574515342715,0.4347704708576202,0.43200503587722777,0.431640625,0.0,0.4287749230861664,0.4343346059322357,0.43153688311576843,0.4255000054836273,1.5565522398267473,0.41635408997535706,0.4200078547000885,0.4181729853153229,0.443359375,0.0,0.4332273006439209,0.43984946608543396,0.4365132451057434,0.45249998569488525,1.5137734640212286,0.4484415054321289,0.45554494857788086,0.45196533203125,0.44921875,0.0,0.4439169466495514,0.4451380670070648,0.44452667236328125,0.4230000078678131,1.5361025692924621,0.4172740876674652,0.423259973526001,0.4202457070350647,0.4609375,0.0,0.4606119692325592,0.46880030632019043,0.4646700918674469,0.44999998807907104,1.5571215152740479,0.44787660241127014,0.45322829484939575,0.4505365490913391,0.435546875,0.0,0.42784953117370605,0.4292067885398865,0.4285270869731903,0.41749998927116394,1.5372275814177498,0.4164324402809143,0.4218112826347351,0.41910460591316223
0.44609375,0.0,0.4387860238552094,0.4405511200428009,0.43966236114501955,0.4343999922275543,1.5418914136432464,0.429902184009552,0.4366771042346954,0.43325509428977965,0.455078125,0.0,0.45324429869651794,0.4570603370666504,0.45514431595802307,0.4339999854564667,1.5560352385990204,0.4264237880706787,0.4299822747707367,0.42819562554359436,0.4609375,0.0,0.45318618416786194,0.45655280351638794,0.4548632502555847,0.4390000104904175,1.5173426147491214,0.43494588136672974,0.4437069892883301,0.43928277492523193,0.4033203125,0.0,0.3942321836948395,0.3920207917690277,0.3931233882904053,0.4334999918937683,1.5388021052829803,0.4310626983642578,0.4331018924713135,0.43207988142967224,0.4755859375,0.0,0.4680761396884918,0.4671713411808014,0.4676232933998108,0.445499986410141,1.5502506362067328,0.4410206377506256,0.44817009568214417,0.44456663727760315,0.435546875,0.0,0.42519131302833557,0.4299503266811371,0.4275575578212738,0.41999998688697815,1.5470264733783783,0.41605791449546814,0.42842426896095276,0.42215055227279663
0.458203125,0.0,0.450857412815094,0.45503913760185244,0.4529328227043152,0.43980000019073484,1.531535031303527,0.4338656604290009,0.4408892333507538,0.4373467206954956,0.4697265625,0.0,0.4611077904701233,0.4634581208229065,0.4622799754142761,0.42649999260902405,1.556106067839123,0.41836363077163696,0.4218529760837555,0.42010101675987244,0.46875,0.0,0.4618723392486572,0.469553142786026,0.4656810760498047,0.44999998807907104,1.5097818544932775,0.44351547956466675,0.45379534363746643,0.4485965073108673,0.4375,0.0,0.4332083761692047,0.43220314383506775,0.43270519375801086,0.4390000104904175,1.5274097124735515,0.4324994683265686,0.4386422038078308,0.43554919958114624,0.4482421875,0.0,0.44398370385169983,0.4515250623226166,0.4477226436138153,0.4555000066757202,1.5362917033452836,0.4495007395744324,0.4578379690647125,0.45363104343414307,0.466796875,0.0,0.4541148543357849,0.45845621824264526,0.45627522468566895,0.42800000309944153,1.5280858183663988,0.4254489839076996,0.43231767416000366,0.428855836391449
0.4654296875,0.0,0.45869615077972414,0.46170178055763245,0.4601910889148712,0.43610000014305117,1.5406043026182386,0.4332293808460236,0.4374279320240021,0.43531514406204225,0.4755859375,0.0,0.4664251208305359,0.46803751587867737,0.4672299027442932,0.41600000858306885,1.561027559023055,0.4128449559211731,0.4121435582637787,0.4124939441680908,0.4794921875,0.0,0.4730769097805023,0.474618524312973,0.4738464653491974,0.44600000977516174,1.513097980665782,0.44457679986953735,0.4496196210384369,0.4470840096473694,0.447265625,0.0,0.4439006447792053,0.4453386664390564,0.44461849331855774,0.4375,1.538510449348934,0.4326936602592468,0.4375160336494446,0.435091495513916,0.455078125,0.0,0.44930705428123474,0.4567774832248688,0.45301148295402527,0.4429999887943268,1.5661233190506223,0.439843088388443,0.4459243416786194,0.4428628385066986,0.4697265625,0.0,0.46077102422714233,0.46373671293258667,0.46224910020828247,0.43799999356269836,1.5242622050027999,0.43618839979171753,0.44193610548973083,0.43904343247413635
0.46171875,0.0,0.4558290481567383,0.4594738185405731,0.45764286518096925,0.4408999979496002,1.5296832671241154,0.4393224656581879,0.4423842251300812,0.4408470273017883,0.474609375,0.0,0.4677906930446625,0.47137966752052307,0.4695783257484436,0.4244999885559082,1.5610396937718467,0.4211576581001282,0.4223112165927887,0.42173364758491516,0.4697265625,0.0,0.4692332148551941,0.4741986393928528,0.4717028737068176,0.4514999985694885,1.499730422383263,0.45061078667640686,0.4553225040435791,0.45295441150665283,0.4501953125,0.0,0.43853241205215454,0.44377630949020386,0.44113877415657043,0.4424999952316284,1.5260453034961035,0.4403134882450104,0.44237762689590454,0.44134312868118286,0.46484375,0.0,0.45685529708862305,0.4604206085205078,0.4586310386657715,0.44449999928474426,1.5475336218637132,0.44387826323509216,0.4467112421989441,0.4452902674674988,0.44921875,0.0,0.44673362374305725,0.4475938677787781,0.44716331362724304,0.4415000081062317,1.514067294105651,0.44065213203430176,0.44519853591918945,0.442913681268692
